Raw predictions: [[0.9535903  0.05916832]
 [0.9147285  0.10989433]
 [0.9297948  0.09068961]
 [0.8528839  0.1755613 ]
 [0.7756006  0.2636053 ]
 [0.7965877  0.24181476]
 [0.8123109  0.22030964]
 [0.9757897  0.03447835]
 [0.88418376 0.13868345]
 [0.88107395 0.14186439]
 [0.8887736  0.13515185]
 [0.8745132  0.14790323]
 [0.38758358 0.6288697 ]
 [0.9490956  0.06142898]
 [0.9764319  0.03254753]
 [0.9866662  0.020452  ]
 [0.97802395 0.03065025]
 [0.9203396  0.08690329]
 [0.92120725 0.09679017]
 [0.84352314 0.1635176 ]
 [0.9046215  0.1066276 ]
 [0.9043489  0.1068593 ]
 [0.96267325 0.04703077]
 [0.92580646 0.08123795]
 [0.95684856 0.05174899]
 [0.94202214 0.07081246]
 [0.948568   0.06422915]
 [0.95136833 0.06161813]
 [0.944436   0.06897514]
 [0.7624911  0.26294142]
 [0.948565   0.06437356]
 [0.9397885  0.07366039]
 [0.94266    0.07097439]
 [0.80702275 0.21734305]
 [0.7456409  0.28502646]
 [0.78564346 0.25209853]
 [0.9658699  0.04693674]
 [0.8128152  0.21611008]
 [0.9296186  0.08943551]
 [0.966388   0.04712451]
 [0.96233183 0.05169787]
 [0.96152264 0.05266592]
 [0.9589833  0.0554246 ]
 [0.96107805 0.05315917]
 [0.96258515 0.05121018]
 [0.9526444  0.06135709]
 [0.9053616  0.1096945 ]
 [0.9628713  0.05038476]
 [0.8813898  0.13374741]
 [0.9501191  0.06170268]
 [0.93429565 0.08003051]
 [0.93230647 0.07972681]
 [0.8965143  0.11950729]
 [0.8536516  0.17522371]
 [0.86528784 0.16051254]
 [0.7902484  0.22935058]
 [0.7602278  0.28464556]
 [0.81493706 0.22008833]
 [0.9733729  0.038025  ]
 [0.8385937  0.19323836]
 [0.8864376  0.13844083]
 [0.8798488  0.14691758]
 [0.8809884  0.14755304]]
Argmax predictions: [0, 0, 0, 0, 0, 0, 0, 0, 0, 0, 0, 0, 1, 0, 0, 0, 0, 0, 0, 0, 0, 0, 0, 0, 0, 0, 0, 0, 0, 0, 0, 0, 0, 0, 0, 0, 0, 0, 0, 0, 0, 0, 0, 0, 0, 0, 0, 0, 0, 0, 0, 0, 0, 0, 0, 0, 0, 0, 0, 0, 0, 0, 0]
This video is classified as: Abnormal

Raw predictions: [[0.9535903  0.05916832]
 [0.9147285  0.10989433]
 [0.9297948  0.09068961]
 [0.8528839  0.1755613 ]
 [0.7756006  0.2636053 ]
 [0.7965877  0.24181476]
 [0.8123109  0.22030964]
 [0.9757897  0.03447835]
 [0.88418376 0.13868345]
 [0.88107395 0.14186439]
 [0.8887736  0.13515185]
 [0.8745132  0.14790323]
 [0.38758358 0.6288697 ]
 [0.9490956  0.06142898]
 [0.9764319  0.03254753]
 [0.9866662  0.020452  ]
 [0.97802395 0.03065025]
 [0.9203396  0.08690329]
 [0.92120725 0.09679017]
 [0.84352314 0.1635176 ]
 [0.9046215  0.1066276 ]
 [0.9043489  0.1068593 ]
 [0.96267325 0.04703077]
 [0.92580646 0.08123795]
 [0.95684856 0.05174899]
 [0.94202214 0.07081246]
 [0.948568   0.06422915]
 [0.95136833 0.06161813]
 [0.944436   0.06897514]
 [0.7624911  0.26294142]
 [0.948565   0.06437356]
 [0.9397885  0.07366039]
 [0.94266    0.07097439]
 [0.80702275 0.21734305]
 [0.7456409  0.28502646]
 [0.78564346 0.25209853]
 [0.9658699  0.04693674]
 [0.8128152  0.21611008]
 [0.9296186  0.08943551]
 [0.966388   0.04712451]
 [0.96233183 0.05169787]
 [0.96152264 0.05266592]
 [0.9589833  0.0554246 ]
 [0.96107805 0.05315917]
 [0.96258515 0.05121018]
 [0.9526444  0.06135709]
 [0.9053616  0.1096945 ]
 [0.9628713  0.05038476]
 [0.8813898  0.13374741]
 [0.9501191  0.06170268]
 [0.93429565 0.08003051]
 [0.93230647 0.07972681]
 [0.8965143  0.11950729]
 [0.8536516  0.17522371]
 [0.86528784 0.16051254]
 [0.7902484  0.22935058]
 [0.7602278  0.28464556]
 [0.81493706 0.22008833]
 [0.9733729  0.038025  ]
 [0.8385937  0.19323836]
 [0.8864376  0.13844083]
 [0.8798488  0.14691758]
 [0.8809884  0.14755304]]
Argmax predictions: [0, 0, 0, 0, 0, 0, 0, 0, 0, 0, 0, 0, 1, 0, 0, 0, 0, 0, 0, 0, 0, 0, 0, 0, 0, 0, 0, 0, 0, 0, 0, 0, 0, 0, 0, 0, 0, 0, 0, 0, 0, 0, 0, 0, 0, 0, 0, 0, 0, 0, 0, 0, 0, 0, 0, 0, 0, 0, 0, 0, 0, 0, 0]
This video is classified as: Abnormal

Raw predictions: [[0.0168602  0.9822532 ]
 [0.02341485 0.97605115]
 [0.01595953 0.9831237 ]
 [0.01403798 0.9852625 ]
 [0.01658045 0.9828738 ]
 [0.01460843 0.9845362 ]
 [0.0128151  0.9865705 ]
 [0.01467677 0.984563  ]
 [0.01774973 0.9814316 ]
 [0.01397316 0.9851428 ]
 [0.01472951 0.9843028 ]
 [0.01349159 0.98537666]
 [0.01327566 0.98581856]
 [0.01395562 0.9851713 ]
 [0.01523667 0.9839392 ]
 [0.01212396 0.9868227 ]
 [0.01506549 0.98386115]
 [0.01610917 0.9829637 ]
 [0.01384549 0.9853447 ]
 [0.01759497 0.9814054 ]
 [0.01329749 0.98609173]
 [0.01381242 0.9854147 ]
 [0.01361743 0.98575604]
 [0.0135921  0.9858207 ]
 [0.01435663 0.9848974 ]
 [0.01267583 0.9865376 ]
 [0.01191547 0.9873625 ]
 [0.01278719 0.9862247 ]
 [0.01283284 0.9864628 ]
 [0.01314418 0.9859953 ]
 [0.01724236 0.982087  ]
 [0.01468039 0.98408186]
 [0.01984318 0.9790755 ]
 [0.01969773 0.97861165]
 [0.02002975 0.9787378 ]]
Argmax predictions: [1, 1, 1, 1, 1, 1, 1, 1, 1, 1, 1, 1, 1, 1, 1, 1, 1, 1, 1, 1, 1, 1, 1, 1, 1, 1, 1, 1, 1, 1, 1, 1, 1, 1, 1]
This video is classified as: Normal

Raw predictions: [[0.01331465 0.98595613]
 [0.01121732 0.98839897]
 [0.01204531 0.9869954 ]
 [0.0121646  0.9873605 ]
 [0.01047875 0.9890552 ]
 [0.01171453 0.9878677 ]
 [0.0114003  0.988023  ]
 [0.01488811 0.984135  ]
 [0.01148561 0.9879454 ]
 [0.01160235 0.98752874]
 [0.00969035 0.98980325]
 [0.00986146 0.989683  ]
 [0.00925963 0.9901288 ]
 [0.00996909 0.9892315 ]
 [0.01335013 0.985983  ]
 [0.01112354 0.9884122 ]
 [0.01064759 0.9889912 ]
 [0.01076891 0.98870385]
 [0.01381553 0.98558944]
 [0.00981413 0.9897471 ]
 [0.01050803 0.98906565]
 [0.01021186 0.98930687]
 [0.01095017 0.98855305]
 [0.00920131 0.99036616]
 [0.00937217 0.99019593]
 [0.00901329 0.99055713]
 [0.01040139 0.9890831 ]
 [0.00955118 0.98987854]
 [0.01562763 0.98318005]
 [0.01185978 0.9874854 ]
 [0.01318855 0.9859335 ]]
Argmax predictions: [1, 1, 1, 1, 1, 1, 1, 1, 1, 1, 1, 1, 1, 1, 1, 1, 1, 1, 1, 1, 1, 1, 1, 1, 1, 1, 1, 1, 1, 1, 1]
This video is classified as: Normal

Raw predictions: [[0.97032464 0.04633934]
 [0.97104406 0.04651033]
 [0.9789084  0.0355651 ]
 [0.97772795 0.0362856 ]
 [0.97285914 0.04302251]
 [0.9823952  0.0300261 ]
 [0.97455704 0.04044687]
 [0.9745124  0.04046232]
 [0.98985606 0.01798058]
 [0.9814306  0.03172164]
 [0.9709574  0.0467382 ]
 [0.97883385 0.03519318]
 [0.9856911  0.02466731]
 [0.9863261  0.02226744]
 [0.9875245  0.01878758]
 [0.9838697  0.02191313]
 [0.98013085 0.02623771]
 [0.9703617  0.03564624]
 [0.9407761  0.08529202]
 [0.9655849  0.04208042]
 [0.9763677  0.03027973]
 [0.9694814  0.03748844]
 [0.9837871  0.02106306]
 [0.980077   0.02475577]
 [0.98252714 0.02202279]
 [0.981332   0.023873  ]
 [0.9788828  0.02653651]
 [0.9802906  0.02606699]
 [0.980104   0.03049921]
 [0.94029987 0.08468054]
 [0.9419364  0.08207226]
 [0.9658309  0.05212259]
 [0.9728991  0.04291932]
 [0.97272694 0.04278497]
 [0.913309   0.11681205]
 [0.90260756 0.12786913]
 [0.7496791  0.29500243]
 [0.9762147  0.03144311]
 [0.96448976 0.04781231]
 [0.9871155  0.02071973]
 [0.9877235  0.01994132]
 [0.9854169  0.02410686]
 [0.97623706 0.03648362]
 [0.98347896 0.02741607]
 [0.9727315  0.04277924]
 [0.9873598  0.02202993]
 [0.9844062  0.026022  ]
 [0.9802523  0.03165198]
 [0.9752186  0.03835815]
 [0.98075324 0.03158   ]
 [0.98305655 0.02871469]
 [0.98196214 0.03040382]
 [0.96578723 0.05284659]
 [0.9578631  0.06486475]
 [0.95366776 0.06965369]
 [0.9753401  0.03940442]
 [0.96001023 0.05989869]
 [0.979728   0.03406101]
 [0.9652256  0.05308462]
 [0.9796097  0.03412636]]
Argmax predictions: [0, 0, 0, 0, 0, 0, 0, 0, 0, 0, 0, 0, 0, 0, 0, 0, 0, 0, 0, 0, 0, 0, 0, 0, 0, 0, 0, 0, 0, 0, 0, 0, 0, 0, 0, 0, 0, 0, 0, 0, 0, 0, 0, 0, 0, 0, 0, 0, 0, 0, 0, 0, 0, 0, 0, 0, 0, 0, 0, 0]
This video is classified as: Abnormal

Raw predictions: [[0.73098594 0.25363874]
 [0.83146054 0.16598444]
 [0.80233884 0.19196087]
 [0.79739946 0.19667324]
 [0.7166139  0.27492237]
 [0.44828293 0.546571  ]
 [0.7259565  0.28052068]
 [0.7603687  0.22780432]
 [0.7094343  0.29994604]
 [0.6901076  0.30285528]
 [0.7313934  0.26687697]
 [0.8936674  0.11984114]
 [0.7577761  0.23770595]
 [0.70523137 0.2924443 ]
 [0.47212213 0.5145091 ]
 [0.43556657 0.5474278 ]
 [0.4299369  0.5578386 ]
 [0.43620622 0.55669475]
 [0.760916   0.22815914]
 [0.75817376 0.22956033]]
Argmax predictions: [0, 0, 0, 0, 0, 1, 0, 0, 0, 0, 0, 0, 0, 0, 1, 1, 1, 1, 0, 0]
This video is classified as: Abnormal

Raw predictions: [[0.0143846  0.98410606]
 [0.01405558 0.9843593 ]
 [0.01390501 0.9845966 ]
 [0.01521062 0.9829531 ]
 [0.01708446 0.9799738 ]
 [0.02207    0.975932  ]
 [0.01851257 0.9801048 ]
 [0.01397849 0.9845196 ]
 [0.01402284 0.9845538 ]
 [0.01451658 0.9838879 ]]
Argmax predictions: [1, 1, 1, 1, 1, 1, 1, 1, 1, 1]
This video is classified as: Normal

Raw predictions: [[0.8843075  0.13448727]
 [0.9094782  0.11105295]
 [0.9097725  0.11080755]
 [0.8989444  0.12175381]
 [0.90184504 0.11077189]
 [0.9015663  0.11108446]
 [0.89862126 0.11311845]
 [0.9013189  0.11054835]
 [0.9093998  0.10791072]
 [0.9090869  0.10817883]
 [0.883817   0.1349402 ]
 [0.9254132  0.09239428]
 [0.92545265 0.09232042]
 [0.9291369  0.08855882]
 [0.92849016 0.08910757]
 [0.9293568  0.09091707]
 [0.9296891  0.090516  ]
 [0.93516    0.08456164]
 [0.93624365 0.0833775 ]
 [0.92849946 0.08778531]
 [0.9290224  0.08724784]
 [0.8841476  0.13462332]
 [0.94193333 0.07300431]
 [0.94164455 0.07329319]
 [0.94289166 0.07229416]
 [0.9433413  0.07172462]
 [0.9382659  0.07616829]
 [0.9385516  0.07591329]
 [0.9533832  0.06182334]
 [0.95358247 0.06158818]
 [0.903153   0.10977868]
 [0.902277   0.11059691]
 [0.88427347 0.13448845]
 [0.8046331  0.20372984]
 [0.800955   0.20686527]
 [0.8251604  0.19198647]
 [0.82517636 0.19201474]]
Argmax predictions: [0, 0, 0, 0, 0, 0, 0, 0, 0, 0, 0, 0, 0, 0, 0, 0, 0, 0, 0, 0, 0, 0, 0, 0, 0, 0, 0, 0, 0, 0, 0, 0, 0, 0, 0, 0, 0]
This video is classified as: Abnormal

Raw predictions: [[0.15071397 0.8440355 ]
 [0.22640996 0.7649678 ]
 [0.25215787 0.7400748 ]
 [0.20042714 0.78907603]
 [0.23089565 0.75211143]
 [0.1885993  0.800442  ]
 [0.20290099 0.782295  ]
 [0.13885768 0.8560098 ]
 [0.21967052 0.77095574]
 [0.21130332 0.77734286]
 [0.25043058 0.733905  ]
 [0.21084791 0.7758108 ]
 [0.2294848  0.7583926 ]
 [0.19320531 0.80133724]
 [0.15531938 0.8402102 ]
 [0.17076236 0.8226645 ]
 [0.19521056 0.7951268 ]
 [0.19877133 0.79189336]
 [0.13888042 0.85611457]
 [0.23842417 0.7468359 ]
 [0.2352626  0.73951805]
 [0.23177327 0.74369353]
 [0.5621259  0.3785795 ]
 [0.5478117  0.4319308 ]
 [0.17830484 0.812649  ]]
Argmax predictions: [1, 1, 1, 1, 1, 1, 1, 1, 1, 1, 1, 1, 1, 1, 1, 1, 1, 1, 1, 1, 1, 1, 0, 0, 1]
This video is classified as: Normal

Raw predictions: [[0.01331465 0.98595613]
 [0.01121732 0.98839897]
 [0.01204531 0.9869954 ]
 [0.0121646  0.9873605 ]
 [0.01047875 0.9890552 ]
 [0.01171453 0.9878677 ]
 [0.0114003  0.988023  ]
 [0.01488811 0.984135  ]
 [0.01148561 0.9879454 ]
 [0.01160235 0.98752874]
 [0.00969035 0.98980325]
 [0.00986146 0.989683  ]
 [0.00925963 0.9901288 ]
 [0.00996909 0.9892315 ]
 [0.01335013 0.985983  ]
 [0.01112354 0.9884122 ]
 [0.01064759 0.9889912 ]
 [0.01076891 0.98870385]
 [0.01381553 0.98558944]
 [0.00981413 0.9897471 ]
 [0.01050803 0.98906565]
 [0.01021186 0.98930687]
 [0.01095017 0.98855305]
 [0.00920131 0.99036616]
 [0.00937217 0.99019593]
 [0.00901329 0.99055713]
 [0.01040139 0.9890831 ]
 [0.00955118 0.98987854]
 [0.01562763 0.98318005]
 [0.01185978 0.9874854 ]
 [0.01318855 0.9859335 ]]
Argmax predictions: [1, 1, 1, 1, 1, 1, 1, 1, 1, 1, 1, 1, 1, 1, 1, 1, 1, 1, 1, 1, 1, 1, 1, 1, 1, 1, 1, 1, 1, 1, 1]
This video is classified as: Normal

Raw predictions: [[0.0143846  0.98410606]
 [0.01405558 0.9843593 ]
 [0.01390501 0.9845966 ]
 [0.01521062 0.9829531 ]
 [0.01708446 0.9799738 ]
 [0.02207    0.975932  ]
 [0.01851257 0.9801048 ]
 [0.01397849 0.9845196 ]
 [0.01402284 0.9845538 ]
 [0.01451658 0.9838879 ]]
Argmax predictions: [1, 1, 1, 1, 1, 1, 1, 1, 1, 1]
This video is classified as: Normal

Raw predictions: [[0.01311065 0.98594314]
 [0.0140166  0.9849427 ]
 [0.01301259 0.9860493 ]
 [0.01338346 0.9856791 ]
 [0.01376673 0.9852255 ]
 [0.01673428 0.9820416 ]
 [0.01435304 0.9844015 ]
 [0.01547628 0.98364794]
 [0.02222168 0.9764832 ]
 [0.01579245 0.98325276]
 [0.01590016 0.9830438 ]
 [0.01298534 0.98620725]
 [0.01495963 0.98395723]]
Argmax predictions: [1, 1, 1, 1, 1, 1, 1, 1, 1, 1, 1, 1, 1]
This video is classified as: Normal

Raw predictions: [[0.01311065 0.98594314]
 [0.0140166  0.9849427 ]
 [0.01301259 0.9860493 ]
 [0.01338346 0.9856791 ]
 [0.01376673 0.9852255 ]
 [0.01673428 0.9820416 ]
 [0.01435304 0.9844015 ]
 [0.01547628 0.98364794]
 [0.02222168 0.9764832 ]
 [0.01579245 0.98325276]
 [0.01590016 0.9830438 ]
 [0.01298534 0.98620725]
 [0.01495963 0.98395723]]
Argmax predictions: [1, 1, 1, 1, 1, 1, 1, 1, 1, 1, 1, 1, 1]
This video is classified as: Normal

Raw predictions: [[0.01035662 0.98890233]
 [0.00898185 0.9900976 ]
 [0.00957568 0.98954487]
 [0.01043411 0.9887081 ]
 [0.00930526 0.99002194]
 [0.00914075 0.99031025]
 [0.01120511 0.987742  ]
 [0.01073668 0.9882731 ]
 [0.00892543 0.9905492 ]
 [0.00875969 0.99073017]
 [0.00878478 0.9906783 ]
 [0.00898874 0.9904489 ]
 [0.00848696 0.9910094 ]
 [0.00845929 0.9908916 ]
 [0.01183601 0.9872279 ]
 [0.00960375 0.98938507]
 [0.00907819 0.9901985 ]
 [0.01155599 0.9874224 ]
 [0.00933504 0.989777  ]
 [0.00856072 0.9910061 ]
 [0.00845254 0.9910893 ]
 [0.00844224 0.9910616 ]
 [0.01103377 0.98797685]]
Argmax predictions: [1, 1, 1, 1, 1, 1, 1, 1, 1, 1, 1, 1, 1, 1, 1, 1, 1, 1, 1, 1, 1, 1, 1]
This video is classified as: Normal

Raw predictions: [[0.96213543 0.04634762]
 [0.93362087 0.08122905]
 [0.93955874 0.07439484]
 [0.94348466 0.06994078]
 [0.93082637 0.08378186]
 [0.94006586 0.07364383]
 [0.9446068  0.06904618]
 [0.96368486 0.0454559 ]
 [0.947785   0.06411734]
 [0.9573782  0.05408996]
 [0.9496939  0.06206189]
 [0.9514895  0.06072175]
 [0.9489138  0.06298286]
 [0.95019835 0.06194152]
 [0.9284027  0.086299  ]
 [0.9406199  0.07330989]
 [0.92868286 0.08533445]
 [0.94188756 0.07118785]
 [0.9665743  0.04201333]
 [0.94523305 0.06834313]
 [0.94338286 0.07004582]
 [0.9467402  0.06624259]
 [0.9345195  0.07954288]
 [0.93869305 0.07449891]
 [0.9514614  0.06051372]
 [0.94765824 0.06520916]
 [0.9480077  0.06502688]
 [0.93948746 0.07502115]
 [0.9551428  0.05747038]
 [0.9644093  0.0445129 ]
 [0.9467114  0.06687897]
 [0.9448033  0.06819305]
 [0.94473165 0.06776992]
 [0.9453189  0.06725474]
 [0.9535435  0.05847008]
 [0.9531025  0.05960114]
 [0.9555826  0.05667895]
 [0.9576964  0.05403423]
 [0.9567646  0.05529521]
 [0.9490985  0.06321368]
 [0.96524084 0.04360136]
 [0.9478708  0.06410623]
 [0.95980287 0.05239439]
 [0.963674   0.04776023]
 [0.9454802  0.06747966]
 [0.9550411  0.05701399]
 [0.93639433 0.07738508]
 [0.9286881  0.08438102]
 [0.9335072  0.07973485]
 [0.94644994 0.06553941]
 [0.94780326 0.06477132]
 [0.9650524  0.04359342]
 [0.941959   0.07145868]
 [0.95173484 0.06027436]
 [0.9409523  0.07164045]
 [0.9416979  0.07123398]
 [0.9470742  0.06563738]
 [0.95195735 0.0602075 ]
 [0.944701   0.06834123]
 [0.93972063 0.07331545]
 [0.9481349  0.06454582]
 [0.9475306  0.06504498]
 [0.96396965 0.04462093]
 [0.9569393  0.05457495]
 [0.95667744 0.05469994]
 [0.9571773  0.05408719]
 [0.95653254 0.05488452]
 [0.95695114 0.05443955]
 [0.9440524  0.06715805]
 [0.9558775  0.05522319]
 [0.9558927  0.0559244 ]
 [0.9552262  0.05657941]
 [0.95625895 0.05554827]
 [0.9624739  0.04594813]
 [0.96785843 0.04051877]
 [0.9568077  0.05501897]
 [0.95491236 0.05742197]
 [0.95087934 0.0614014 ]
 [0.9371586  0.07636359]
 [0.9500335  0.06235401]
 [0.94607574 0.06612472]
 [0.93511873 0.07841672]
 [0.9442291  0.0683528 ]
 [0.9262476  0.08686381]
 [0.95113915 0.06085529]
 [0.9679434  0.04062857]
 [0.9421761  0.06968576]
 [0.94938844 0.06296021]
 [0.9622568  0.04842929]
 [0.959506   0.05135018]
 [0.9606499  0.05042863]
 [0.95852745 0.05275811]
 [0.9555547  0.05612835]
 [0.95680624 0.05498321]
 [0.95988476 0.0519004 ]
 [0.9612096  0.05021327]
 [0.96536    0.04328598]
 [0.95746017 0.05402806]
 [0.95463634 0.05680993]
 [0.9539462  0.05783593]
 [0.94836354 0.06373615]
 [0.9553951  0.05623138]
 [0.9608246  0.05106458]
 [0.9722485  0.03711773]
 [0.9729775  0.03608847]
 [0.973273   0.03571806]
 [0.976407   0.03172896]
 [0.96906483 0.03915667]
 [0.9764054  0.03166413]
 [0.97450775 0.03389755]
 [0.9594841  0.05036133]
 [0.9642097  0.04499101]
 [0.9614553  0.04830358]
 [0.96093893 0.04894612]
 [0.9554455  0.055396  ]
 [0.95552486 0.0551499 ]
 [0.96035135 0.04836228]
 [0.9523282  0.05835043]
 [0.94619817 0.06478089]
 [0.9563678  0.05458459]
 [0.94507873 0.06826846]
 [0.9556387  0.05681435]
 [0.9445243  0.06909664]
 [0.95019203 0.06254603]
 [0.93508565 0.07867046]
 [0.9434503  0.06958551]
 [0.9443836  0.06870491]
 [0.961108   0.04788183]
 [0.92946035 0.08624032]
 [0.9212395  0.09476917]
 [0.91915476 0.09656628]
 [0.9162193  0.09929552]]
Argmax predictions: [0, 0, 0, 0, 0, 0, 0, 0, 0, 0, 0, 0, 0, 0, 0, 0, 0, 0, 0, 0, 0, 0, 0, 0, 0, 0, 0, 0, 0, 0, 0, 0, 0, 0, 0, 0, 0, 0, 0, 0, 0, 0, 0, 0, 0, 0, 0, 0, 0, 0, 0, 0, 0, 0, 0, 0, 0, 0, 0, 0, 0, 0, 0, 0, 0, 0, 0, 0, 0, 0, 0, 0, 0, 0, 0, 0, 0, 0, 0, 0, 0, 0, 0, 0, 0, 0, 0, 0, 0, 0, 0, 0, 0, 0, 0, 0, 0, 0, 0, 0, 0, 0, 0, 0, 0, 0, 0, 0, 0, 0, 0, 0, 0, 0, 0, 0, 0, 0, 0, 0, 0, 0, 0, 0, 0, 0, 0, 0, 0, 0, 0, 0]
This video is classified as: Abnormal

Raw predictions: [[0.73098594 0.25363874]
 [0.83146054 0.16598444]
 [0.80233884 0.19196087]
 [0.79739946 0.19667324]
 [0.7166139  0.27492237]
 [0.44828293 0.546571  ]
 [0.7259565  0.28052068]
 [0.7603687  0.22780432]
 [0.7094343  0.29994604]
 [0.6901076  0.30285528]
 [0.7313934  0.26687697]
 [0.8936674  0.11984114]
 [0.7577761  0.23770595]
 [0.70523137 0.2924443 ]
 [0.47212213 0.5145091 ]
 [0.43556657 0.5474278 ]
 [0.4299369  0.5578386 ]
 [0.43620622 0.55669475]
 [0.760916   0.22815914]
 [0.75817376 0.22956033]]
Argmax predictions: [0, 0, 0, 0, 0, 1, 0, 0, 0, 0, 0, 0, 0, 0, 1, 1, 1, 1, 0, 0]
This video is classified as: Abnormal

